  0.0   2.0  1.47  0.33481  0.18000  0.80  0.01  0.09  0.22  0.01  0.09  0.00072  6.75
  2.0   5.0  1.47  0.33481  0.18000  0.20  0.04  0.09  0.22  0.01  0.07  0.00072  6.75
  5.0  10.0  1.47  0.33481  0.18000  0.00  0.25  0.09  0.22  0.01  0.04  0.00072  6.75
 10.0  20.0  1.47  0.33481  0.18000  0.00  0.30  0.09  0.22  0.01  0.01  0.00072  6.75
 20.0  30.0  1.49  0.33481  0.18000  0.00  0.10  0.09  0.22  0.01  0.00  0.00072  6.75
 30.0  45.0  1.49  0.33481  0.18000  0.00  0.05  0.09  0.22  0.01  0.00  0.00072  6.75
 45.0  60.0  1.49  0.33481  0.18000  0.00  0.04  0.09  0.22  0.01  0.00  0.00072  6.75
 60.0  75.0  1.49  0.33481  0.18000  0.00  0.03  0.09  0.22  0.01  0.00  0.00072  6.75
 75.0  90.0  1.49  0.33481  0.18000  0.00  0.02  0.09  0.22  0.01  0.00  0.00072  6.75
 90.0 105.0  1.49  0.33481  0.18000  0.00  0.01  0.09  0.22  0.01  0.00  0.00072  6.75
105.0 120.0  1.49  0.33481  0.18000  0.00  0.00  0.09  0.22  0.01  0.00  0.00072  6.75
120.0 150.0  1.49  0.35000  0.21000  0.00  0.00  0.07  0.30  0.01  0.00  0.00072  6.20
150.0 180.0  1.55  0.30000  0.14000  0.00  0.00  0.33  0.23  0.01  0.00  0.00072  6.45
180.0 210.0  1.53  0.27000  0.09000  0.00  0.00  0.14  0.15  0.01  0.00  0.00072  7.00
