  0.0   2.0  1.28  0.29975  0.10140  0.80  0.01  0.28  0.19  0.01  0.08  0.00075  6.30
  2.0   5.0  1.28  0.29975  0.10140  0.20  0.04  0.28  0.19  0.01  0.06  0.00075  6.30
  5.0  10.0  1.28  0.29975  0.10140  0.00  0.25  0.28  0.19  0.01  0.04  0.00075  6.30
 10.0  20.0  1.28  0.29975  0.10140  0.00  0.30  0.28  0.19  0.01  0.01  0.00075  6.30
 20.0  30.0  1.28  0.29975  0.10140  0.00  0.10  0.28  0.19  0.01  0.00  0.00075  6.30
 30.0  45.0  1.28  0.29975  0.10140  0.00  0.05  0.28  0.19  0.01  0.00  0.00075  6.30
 45.0  60.0  1.28  0.29975  0.10140  0.00  0.04  0.28  0.19  0.01  0.00  0.00075  6.30
 60.0  75.0  1.28  0.29975  0.10140  0.00  0.03  0.28  0.19  0.01  0.00  0.00075  6.30
 75.0  90.0  1.28  0.29975  0.10140  0.00  0.02  0.28  0.19  0.01  0.00  0.00075  6.30
 90.0 105.0  1.28  0.29975  0.10140  0.00  0.01  0.28  0.19  0.01  0.00  0.00075  6.30
105.0 120.0  1.28  0.29975  0.10140  0.00  0.00  0.28  0.19  0.01  0.00  0.00075  6.30
120.0 150.0  1.28  0.29975  0.10140  0.00  0.00  0.28  0.19  0.01  0.00  0.00075  6.30
150.0 180.0  1.28  0.29975  0.10140  0.00  0.00  0.28  0.19  0.01  0.00  0.00075  6.30
180.0 210.0  1.28  0.29975  0.10140  0.00  0.00  0.28  0.19  0.01  0.00  0.00075  6.30
